{
 "cells": [
  {
   "cell_type": "code",
   "execution_count": 4,
   "metadata": {},
   "outputs": [],
   "source": [
    "import pandas as pd\n",
    "import numpy as np"
   ]
  },
  {
   "cell_type": "code",
   "execution_count": 5,
   "metadata": {},
   "outputs": [],
   "source": [
    "df = pd.read_csv('C:\\\\Users\\\\Daniele\\\\Desktop\\\\Homework 5\\\\USA-road-d.CAL.gr.gz', compression='gzip', header=0, sep=',', quotechar='\"')"
   ]
  },
  {
   "cell_type": "code",
   "execution_count": 6,
   "metadata": {},
   "outputs": [],
   "source": [
    "df = df[6:]"
   ]
  },
  {
   "cell_type": "code",
   "execution_count": 7,
   "metadata": {},
   "outputs": [],
   "source": [
    "df.rename(columns = {'c 9th DIMACS Implementation Challenge: Shortest Paths':'arc'},inplace = True)"
   ]
  },
  {
   "cell_type": "code",
   "execution_count": 8,
   "metadata": {},
   "outputs": [],
   "source": [
    "list_df = df.values.tolist()"
   ]
  },
  {
   "cell_type": "code",
   "execution_count": 9,
   "metadata": {},
   "outputs": [],
   "source": [
    "lis_df = []\n",
    "for i in list_df:\n",
    "    lis_df.append(list(map(int,(i[0].split())[1:])))"
   ]
  },
  {
   "cell_type": "code",
   "execution_count": 10,
   "metadata": {},
   "outputs": [],
   "source": [
    "from collections import defaultdict\n",
    "\n",
    "tree = defaultdict(list)\n",
    "weight = defaultdict(list)\n",
    "\n",
    "graph = lis_df\n",
    "\n",
    "for i in range(len(lis_df)):\n",
    "    id_node1 = graph[i][0]\n",
    "    id_node2 = graph[i][1]\n",
    "    w =graph[i][2] \n",
    "    \n",
    "    tree[id_node1].append(id_node2)\n",
    "    \n",
    "    w_k = str(id_node1) +',' +(str(id_node2))\n",
    "    weight[w_k].append(w)\n",
    "    "
   ]
  },
  {
   "cell_type": "code",
   "execution_count": 11,
   "metadata": {},
   "outputs": [
    {
     "data": {
      "text/plain": [
       "[[1, 1048577, 456],\n",
       " [1048577, 1, 456],\n",
       " [2, 1048578, 2389],\n",
       " [1048578, 2, 2389],\n",
       " [3, 1048579, 358],\n",
       " [1048579, 3, 358],\n",
       " [4, 1048579, 14901],\n",
       " [1048579, 4, 14901],\n",
       " [5, 6, 18133],\n",
       " [6, 5, 18133],\n",
       " [7, 1048580, 2463],\n",
       " [1048580, 7, 2463],\n",
       " [8, 1048581, 14944],\n",
       " [1048581, 8, 14944],\n",
       " [9, 1048583, 10049],\n",
       " [1048583, 9, 10049],\n",
       " [1048583, 10, 4462],\n",
       " [10, 1048583, 4462],\n",
       " [10, 1048584, 2630],\n",
       " [1048584, 10, 2630],\n",
       " [1048584, 11, 2041],\n",
       " [11, 1048584, 2041],\n",
       " [12, 1048585, 7589],\n",
       " [1048585, 12, 7589],\n",
       " [13, 1048586, 7736],\n",
       " [1048586, 13, 7736],\n",
       " [1048587, 14, 29679],\n",
       " [14, 1048587, 29679],\n",
       " [1048588, 1048587, 1140],\n",
       " [1048587, 1048588, 1140],\n",
       " [15, 1048588, 15126],\n",
       " [1048588, 15, 15126],\n",
       " [14, 1048589, 10878],\n",
       " [1048589, 14, 10878],\n",
       " [16, 1048590, 28270],\n",
       " [1048590, 16, 28270],\n",
       " [16, 17, 11926],\n",
       " [17, 16, 11926],\n",
       " [1048591, 18, 873],\n",
       " [18, 1048591, 873],\n",
       " [18, 19, 36280],\n",
       " [19, 18, 36280],\n",
       " [19, 20, 27402],\n",
       " [20, 19, 27402],\n",
       " [20, 21, 34363],\n",
       " [21, 20, 34363],\n",
       " [1048592, 22, 3850],\n",
       " [22, 1048592, 3850],\n",
       " [22, 1048593, 26402],\n",
       " [1048593, 22, 26402],\n",
       " [23, 1048594, 4322],\n",
       " [1048594, 23, 4322],\n",
       " [24, 23, 18042],\n",
       " [23, 24, 18042],\n",
       " [1048595, 24, 10070],\n",
       " [24, 1048595, 10070],\n",
       " [1048595, 25, 11944],\n",
       " [25, 1048595, 11944],\n",
       " [1048596, 1048595, 10057],\n",
       " [1048595, 1048596, 10057],\n",
       " [21, 1048596, 4357],\n",
       " [1048596, 21, 4357],\n",
       " [26, 1048597, 7742],\n",
       " [1048597, 26, 7742],\n",
       " [26, 27, 350],\n",
       " [27, 26, 350],\n",
       " [1048598, 28, 364],\n",
       " [28, 1048598, 364],\n",
       " [1048599, 29, 1166],\n",
       " [29, 1048599, 1166],\n",
       " [1048600, 30, 640],\n",
       " [30, 1048600, 640],\n",
       " [1048601, 31, 3752],\n",
       " [31, 1048601, 3752],\n",
       " [1048602, 1048588, 48768],\n",
       " [1048588, 1048602, 48768],\n",
       " [1048602, 32, 9950],\n",
       " [32, 1048602, 9950],\n",
       " [33, 1048598, 5096],\n",
       " [1048598, 33, 5096],\n",
       " [1048598, 1048603, 1171],\n",
       " [1048603, 1048598, 1171],\n",
       " [1048603, 34, 15505],\n",
       " [34, 1048603, 15505],\n",
       " [1048604, 35, 3088],\n",
       " [35, 1048604, 3088],\n",
       " [1048605, 36, 1030],\n",
       " [36, 1048605, 1030],\n",
       " [1048606, 1048604, 3779],\n",
       " [1048604, 1048606, 3779],\n",
       " [37, 1048607, 2919],\n",
       " [1048607, 37, 2919],\n",
       " [37, 38, 4153],\n",
       " [38, 37, 4153],\n",
       " [1048608, 39, 4102],\n",
       " [39, 1048608, 4102],\n",
       " [1048607, 1048608, 5221],\n",
       " [1048608, 1048607, 5221],\n",
       " [1048609, 40, 629],\n",
       " [40, 1048609, 629],\n",
       " [1048610, 41, 967],\n",
       " [41, 1048610, 967],\n",
       " [1048611, 1048605, 8014],\n",
       " [1048605, 1048611, 8014],\n",
       " [42, 1048610, 8090],\n",
       " [1048610, 42, 8090],\n",
       " [1048612, 43, 968],\n",
       " [43, 1048612, 968],\n",
       " [1048613, 44, 4681],\n",
       " [44, 1048613, 4681],\n",
       " [44, 45, 3893],\n",
       " [45, 44, 3893],\n",
       " [46, 47, 230],\n",
       " [47, 46, 230],\n",
       " [47, 1048614, 4247],\n",
       " [1048614, 47, 4247],\n",
       " [48, 1048615, 598],\n",
       " [1048615, 48, 598],\n",
       " [49, 1048616, 1294],\n",
       " [1048616, 49, 1294],\n",
       " [49, 50, 360],\n",
       " [50, 49, 360],\n",
       " [1048617, 51, 452],\n",
       " [51, 1048617, 452],\n",
       " [1048618, 52, 557],\n",
       " [52, 1048618, 557],\n",
       " [1048619, 1048618, 1121],\n",
       " [1048618, 1048619, 1121],\n",
       " [53, 1048619, 2507],\n",
       " [1048619, 53, 2507],\n",
       " [53, 1048620, 2374],\n",
       " [1048620, 53, 2374],\n",
       " [1048620, 54, 1273],\n",
       " [54, 1048620, 1273],\n",
       " [1048621, 55, 2411],\n",
       " [55, 1048621, 2411],\n",
       " [54, 1048622, 1899],\n",
       " [1048622, 54, 1899],\n",
       " [1048622, 1048618, 2026],\n",
       " [1048618, 1048622, 2026],\n",
       " [55, 56, 3352],\n",
       " [56, 55, 3352],\n",
       " [52, 1048598, 8871],\n",
       " [1048598, 52, 8871],\n",
       " [1048623, 1048622, 1197],\n",
       " [1048622, 1048623, 1197],\n",
       " [1048623, 57, 606],\n",
       " [57, 1048623, 606],\n",
       " [38, 1048624, 8718],\n",
       " [1048624, 38, 8718],\n",
       " [1048624, 39, 3948],\n",
       " [39, 1048624, 3948],\n",
       " [1048624, 33, 221],\n",
       " [33, 1048624, 221],\n",
       " [58, 59, 503],\n",
       " [59, 58, 503],\n",
       " [60, 37, 13339],\n",
       " [37, 60, 13339],\n",
       " [1048620, 1048623, 1926],\n",
       " [1048623, 1048620, 1926],\n",
       " [53, 1048623, 1502],\n",
       " [1048623, 53, 1502],\n",
       " [61, 23, 16154],\n",
       " [23, 61, 16154],\n",
       " [1048625, 61, 3715],\n",
       " [61, 1048625, 3715],\n",
       " [62, 1048600, 5458],\n",
       " [1048600, 62, 5458],\n",
       " [1048626, 63, 8198],\n",
       " [63, 1048626, 8198],\n",
       " [1048627, 64, 412],\n",
       " [64, 1048627, 412],\n",
       " [1048628, 1048625, 533],\n",
       " [1048625, 1048628, 533],\n",
       " [65, 1048628, 18348],\n",
       " [1048628, 65, 18348],\n",
       " [1048629, 65, 18851],\n",
       " [65, 1048629, 18851],\n",
       " [1048629, 66, 7821],\n",
       " [66, 1048629, 7821],\n",
       " [1048630, 67, 454],\n",
       " [67, 1048630, 454],\n",
       " [1048630, 1048628, 27985],\n",
       " [1048628, 1048630, 27985],\n",
       " [1048631, 68, 2931],\n",
       " [68, 1048631, 2931],\n",
       " [1048632, 69, 12627],\n",
       " [69, 1048632, 12627],\n",
       " [1048633, 70, 587],\n",
       " [70, 1048633, 587],\n",
       " [1048634, 1048633, 8765],\n",
       " [1048633, 1048634, 8765],\n",
       " [71, 1048634, 418],\n",
       " [1048634, 71, 418],\n",
       " [1048633, 1048635, 4296],\n",
       " [1048635, 1048633, 4296],\n",
       " [72, 73, 215],\n",
       " [73, 72, 215],\n",
       " [1048633, 74, 3266],\n",
       " [74, 1048633, 3266],\n",
       " [75, 1048634, 5286],\n",
       " [1048634, 75, 5286],\n",
       " [1048636, 44, 1987],\n",
       " [44, 1048636, 1987],\n",
       " [67, 76, 10690],\n",
       " [76, 67, 10690],\n",
       " [1048637, 77, 16486],\n",
       " [77, 1048637, 16486],\n",
       " [1048638, 78, 1432],\n",
       " [78, 1048638, 1432],\n",
       " [1048639, 79, 9174],\n",
       " [79, 1048639, 9174],\n",
       " [1048640, 60, 7603],\n",
       " [60, 1048640, 7603],\n",
       " [80, 1048641, 7647],\n",
       " [1048641, 80, 7647],\n",
       " [1048590, 1048641, 4038],\n",
       " [1048641, 1048590, 4038],\n",
       " [1048630, 1048629, 16055],\n",
       " [1048629, 1048630, 16055],\n",
       " [81, 1048629, 32283],\n",
       " [1048629, 81, 32283],\n",
       " [1048642, 82, 2816],\n",
       " [82, 1048642, 2816],\n",
       " [1048643, 81, 7762],\n",
       " [81, 1048643, 7762],\n",
       " [83, 1048630, 22784],\n",
       " [1048630, 83, 22784],\n",
       " [1048644, 83, 9448],\n",
       " [83, 1048644, 9448],\n",
       " [81, 1048644, 16180],\n",
       " [1048644, 81, 16180],\n",
       " [1048644, 84, 3621],\n",
       " [84, 1048644, 3621],\n",
       " [56, 1048638, 862],\n",
       " [1048638, 56, 862],\n",
       " [76, 1048645, 1524],\n",
       " [1048645, 76, 1524],\n",
       " [85, 75, 7780],\n",
       " [75, 85, 7780],\n",
       " [1048646, 85, 177],\n",
       " [85, 1048646, 177],\n",
       " [86, 87, 3901],\n",
       " [87, 86, 3901],\n",
       " [88, 86, 3974],\n",
       " [86, 88, 3974],\n",
       " [89, 1048647, 390],\n",
       " [1048647, 89, 390],\n",
       " [89, 90, 3994],\n",
       " [90, 89, 3994],\n",
       " [1048648, 91, 7426],\n",
       " [91, 1048648, 7426],\n",
       " [91, 1048649, 23944],\n",
       " [1048649, 91, 23944],\n",
       " [1048649, 92, 363],\n",
       " [92, 1048649, 363],\n",
       " [1048650, 71, 9507],\n",
       " [71, 1048650, 9507],\n",
       " [1048650, 1048613, 245],\n",
       " [1048613, 1048650, 245],\n",
       " [93, 1048651, 32258],\n",
       " [1048651, 93, 32258],\n",
       " [93, 94, 4102],\n",
       " [94, 93, 4102],\n",
       " [1048651, 1048646, 3926],\n",
       " [1048646, 1048651, 3926],\n",
       " [1048652, 95, 431],\n",
       " [95, 1048652, 431],\n",
       " [1048653, 1048642, 655],\n",
       " [1048642, 1048653, 655],\n",
       " [96, 1048654, 754],\n",
       " [1048654, 96, 754],\n",
       " [1048638, 96, 721],\n",
       " [96, 1048638, 721],\n",
       " [97, 1048655, 6951],\n",
       " [1048655, 97, 6951],\n",
       " [98, 1048652, 4066],\n",
       " [1048652, 98, 4066],\n",
       " [98, 99, 3918],\n",
       " [99, 98, 3918],\n",
       " [98, 100, 3994],\n",
       " [100, 98, 3994],\n",
       " [101, 1048656, 4963],\n",
       " [1048656, 101, 4963],\n",
       " [96, 101, 3435],\n",
       " [101, 96, 3435],\n",
       " [1048653, 1048634, 8885],\n",
       " [1048634, 1048653, 8885],\n",
       " [102, 1048657, 1667],\n",
       " [1048657, 102, 1667],\n",
       " [103, 1048653, 4633],\n",
       " [1048653, 103, 4633],\n",
       " [1048658, 103, 1589],\n",
       " [103, 1048658, 1589],\n",
       " [104, 1048658, 2449],\n",
       " [1048658, 104, 2449],\n",
       " [104, 1048659, 4268],\n",
       " [1048659, 104, 4268],\n",
       " [105, 88, 4078],\n",
       " [88, 105, 4078],\n",
       " [105, 1048660, 296],\n",
       " [1048660, 105, 296],\n",
       " [106, 105, 229],\n",
       " [105, 106, 229],\n",
       " [1048657, 1048661, 101],\n",
       " [1048661, 1048657, 101],\n",
       " [107, 1048662, 2122],\n",
       " [1048662, 107, 2122],\n",
       " [1048659, 108, 3849],\n",
       " [108, 1048659, 3849],\n",
       " [1048663, 109, 2093],\n",
       " [109, 1048663, 2093],\n",
       " [1048664, 110, 171],\n",
       " [110, 1048664, 171],\n",
       " [1048665, 1048664, 529],\n",
       " [1048664, 1048665, 529],\n",
       " [111, 104, 8842],\n",
       " [104, 111, 8842],\n",
       " [112, 113, 9240],\n",
       " [113, 112, 9240],\n",
       " [114, 111, 8435],\n",
       " [111, 114, 8435],\n",
       " [115, 114, 518],\n",
       " [114, 115, 518],\n",
       " [1048666, 114, 2254],\n",
       " [114, 1048666, 2254],\n",
       " [116, 1048648, 551],\n",
       " [1048648, 116, 551],\n",
       " [116, 97, 3997],\n",
       " [97, 116, 3997],\n",
       " [1048667, 116, 7968],\n",
       " [116, 1048667, 7968],\n",
       " [117, 116, 3974],\n",
       " [116, 117, 3974],\n",
       " [16, 1048668, 7471],\n",
       " [1048668, 16, 7471],\n",
       " [1048668, 1048643, 519],\n",
       " [1048643, 1048668, 519],\n",
       " [118, 1048669, 935],\n",
       " [1048669, 118, 935],\n",
       " [119, 118, 7846],\n",
       " [118, 119, 7846],\n",
       " [1048670, 120, 4349],\n",
       " [120, 1048670, 4349],\n",
       " [1048671, 1048644, 3775],\n",
       " [1048644, 1048671, 3775],\n",
       " [121, 1048672, 4002],\n",
       " [1048672, 121, 4002],\n",
       " [122, 121, 4172],\n",
       " [121, 122, 4172],\n",
       " [122, 1048673, 24182],\n",
       " [1048673, 122, 24182],\n",
       " [123, 1048674, 4045],\n",
       " [1048674, 123, 4045],\n",
       " [123, 1048666, 3976],\n",
       " [1048666, 123, 3976],\n",
       " [124, 16, 9414],\n",
       " [16, 124, 9414],\n",
       " [1048675, 125, 417],\n",
       " [125, 1048675, 417],\n",
       " [1048676, 106, 23761],\n",
       " [106, 1048676, 23761],\n",
       " [1048676, 126, 4102],\n",
       " [126, 1048676, 4102],\n",
       " [1048676, 127, 3933],\n",
       " [127, 1048676, 3933],\n",
       " [128, 1048676, 7632],\n",
       " [1048676, 128, 7632],\n",
       " [129, 1048677, 23749],\n",
       " [1048677, 129, 23749],\n",
       " [127, 129, 4018],\n",
       " [129, 127, 4018],\n",
       " [94, 129, 4027],\n",
       " [129, 94, 4027],\n",
       " [1048672, 93, 7980],\n",
       " [93, 1048672, 7980],\n",
       " [93, 117, 4028],\n",
       " [117, 93, 4028],\n",
       " [130, 114, 8853],\n",
       " [114, 130, 8853],\n",
       " [130, 1048678, 269],\n",
       " [1048678, 130, 269],\n",
       " [131, 1048679, 7467],\n",
       " [1048679, 131, 7467],\n",
       " [132, 1048680, 16735],\n",
       " [1048680, 132, 16735],\n",
       " [1048680, 133, 8023],\n",
       " [133, 1048680, 8023],\n",
       " [1048681, 129, 8039],\n",
       " [129, 1048681, 8039],\n",
       " [1048640, 134, 5902],\n",
       " [134, 1048640, 5902],\n",
       " [1048682, 135, 6698],\n",
       " [135, 1048682, 6698],\n",
       " [1048683, 1048675, 7446],\n",
       " [1048675, 1048683, 7446],\n",
       " [1048683, 124, 22846],\n",
       " [124, 1048683, 22846],\n",
       " [136, 1048667, 137],\n",
       " [1048667, 136, 137],\n",
       " [1048684, 136, 3979],\n",
       " [136, 1048684, 3979],\n",
       " [137, 1048673, 3921],\n",
       " [1048673, 137, 3921],\n",
       " [1048685, 122, 3951],\n",
       " [122, 1048685, 3951],\n",
       " [1048662, 1048665, 2623],\n",
       " [1048665, 1048662, 2623],\n",
       " [1048685, 138, 3774],\n",
       " [138, 1048685, 3774],\n",
       " [138, 1048684, 4098],\n",
       " [1048684, 138, 4098],\n",
       " [1048683, 139, 2331],\n",
       " [139, 1048683, 2331],\n",
       " [1048686, 140, 28057],\n",
       " [140, 1048686, 28057],\n",
       " [140, 137, 4017],\n",
       " [137, 140, 4017],\n",
       " [141, 142, 15644],\n",
       " [142, 141, 15644],\n",
       " [143, 1048686, 3952],\n",
       " [1048686, 143, 3952],\n",
       " [135, 1048687, 683],\n",
       " [1048687, 135, 683],\n",
       " [144, 1048688, 16052],\n",
       " [1048688, 144, 16052],\n",
       " [144, 145, 11445],\n",
       " [145, 144, 11445],\n",
       " [1048687, 1048689, 11422],\n",
       " [1048689, 1048687, 11422],\n",
       " [145, 1048670, 260],\n",
       " [1048670, 145, 260],\n",
       " [146, 144, 4026],\n",
       " [144, 146, 4026],\n",
       " [1048690, 147, 7306],\n",
       " [147, 1048690, 7306],\n",
       " [1048691, 148, 494],\n",
       " [148, 1048691, 494],\n",
       " [84, 1048692, 4336],\n",
       " [1048692, 84, 4336],\n",
       " [149, 102, 1010],\n",
       " [102, 149, 1010],\n",
       " [1048693, 150, 350],\n",
       " [150, 1048693, 350],\n",
       " [1048694, 1048693, 12493],\n",
       " [1048693, 1048694, 12493],\n",
       " [151, 1048694, 12054],\n",
       " [1048694, 151, 12054],\n",
       " [1048695, 146, 329],\n",
       " [146, 1048695, 329],\n",
       " [152, 1048695, 4520],\n",
       " [1048695, 152, 4520],\n",
       " [1048692, 115, 9200],\n",
       " [115, 1048692, 9200],\n",
       " [1048678, 1048696, 6113],\n",
       " [1048696, 1048678, 6113],\n",
       " [1048695, 132, 606],\n",
       " [132, 1048695, 606],\n",
       " [1048679, 1048695, 222],\n",
       " [1048695, 1048679, 222],\n",
       " [153, 1048683, 24916],\n",
       " [1048683, 153, 24916],\n",
       " [1048697, 153, 3323],\n",
       " [153, 1048697, 3323],\n",
       " [154, 1048697, 3993],\n",
       " [1048697, 154, 3993],\n",
       " [155, 139, 10230],\n",
       " [139, 155, 10230],\n",
       " [1048698, 156, 3548],\n",
       " [156, 1048698, 3548],\n",
       " [1048699, 157, 7440],\n",
       " [157, 1048699, 7440],\n",
       " [156, 131, 3960],\n",
       " [131, 156, 3960],\n",
       " [1048700, 158, 4015],\n",
       " [158, 1048700, 4015],\n",
       " [1048701, 141, 3955],\n",
       " [141, 1048701, 3955],\n",
       " [1048701, 159, 4027],\n",
       " [159, 1048701, 4027],\n",
       " [1048702, 1048701, 3948],\n",
       " [1048701, 1048702, 3948],\n",
       " [160, 152, 4273],\n",
       " [152, 160, 4273],\n",
       " [160, 1048690, 4950],\n",
       " [1048690, 160, 4950],\n",
       " [1048703, 160, 3764],\n",
       " [160, 1048703, 3764],\n",
       " [161, 1048703, 5015],\n",
       " [1048703, 161, 5015],\n",
       " [161, 1048700, 1632],\n",
       " [1048700, 161, 1632],\n",
       " [1048704, 162, 4089],\n",
       " [162, 1048704, 4089],\n",
       " [1048705, 1048704, 1736],\n",
       " [1048704, 1048705, 1736],\n",
       " [163, 1048706, 3834],\n",
       " [1048706, 163, 3834],\n",
       " [1048706, 164, 8749],\n",
       " [164, 1048706, 8749],\n",
       " [1048706, 1048704, 8280],\n",
       " [1048704, 1048706, 8280],\n",
       " [165, 1048704, 12136],\n",
       " [1048704, 165, 12136],\n",
       " [166, 167, 2901],\n",
       " [167, 166, 2901],\n",
       " [1048707, 166, 3921],\n",
       " [166, 1048707, 3921],\n",
       " [168, 1048707, 4081],\n",
       " [1048707, 168, 4081],\n",
       " [168, 163, 3993],\n",
       " [163, 168, 3993],\n",
       " [169, 1048708, 146],\n",
       " [1048708, 169, 146],\n",
       " [170, 168, 15928],\n",
       " [168, 170, 15928],\n",
       " [1048709, 170, 3912],\n",
       " [170, 1048709, 3912],\n",
       " [166, 171, 16159],\n",
       " [171, 166, 16159],\n",
       " [171, 1048709, 4016],\n",
       " [1048709, 171, 4016],\n",
       " [1048710, 161, 9528],\n",
       " [161, 1048710, 9528],\n",
       " [172, 1048710, 11846],\n",
       " [1048710, 172, 11846],\n",
       " [161, 1048705, 544],\n",
       " [1048705, 161, 544],\n",
       " [1048711, 169, 1097],\n",
       " [169, 1048711, 1097],\n",
       " [125, 120, 7788],\n",
       " [120, 125, 7788],\n",
       " [1048677, 86, 267],\n",
       " [86, 1048677, 267],\n",
       " [99, 89, 4033],\n",
       " [89, 99, 4033],\n",
       " [1048649, 89, 8186],\n",
       " [89, 1048649, 8186],\n",
       " [1048647, 1048639, 3590],\n",
       " [1048639, 1048647, 3590],\n",
       " [92, 112, 3602],\n",
       " [112, 92, 3602],\n",
       " [173, 1048712, 1587],\n",
       " [1048712, 173, 1587],\n",
       " [159, 140, 4139],\n",
       " [140, 159, 4139],\n",
       " [169, 174, 277],\n",
       " [174, 169, 277],\n",
       " [157, 1048702, 4638],\n",
       " [1048702, 157, 4638],\n",
       " [1048713, 175, 108],\n",
       " [175, 1048713, 108],\n",
       " [1048714, 176, 12101],\n",
       " [176, 1048714, 12101],\n",
       " [1048715, 1048714, 33863],\n",
       " [1048714, 1048715, 33863],\n",
       " [177, 1048716, 8681],\n",
       " [1048716, 177, 8681],\n",
       " [178, 177, 8660],\n",
       " [177, 178, 8660],\n",
       " [179, 180, 351],\n",
       " [180, 179, 351],\n",
       " [1048626, 179, 221],\n",
       " [179, 1048626, 221],\n",
       " [113, 181, 3807],\n",
       " [181, 113, 3807],\n",
       " [181, 79, 4020],\n",
       " [79, 181, 4020],\n",
       " [126, 123, 4077],\n",
       " [123, 126, 4077],\n",
       " [1048680, 1048691, 366],\n",
       " [1048691, 1048680, 366],\n",
       " [1048717, 1048587, 1028],\n",
       " [1048587, 1048717, 1028],\n",
       " [14, 18, 22165],\n",
       " [18, 14, 22165],\n",
       " [182, 52, 852],\n",
       " [52, 182, 852],\n",
       " [1048718, 183, 10820],\n",
       " [183, 1048718, 10820],\n",
       " [183, 1048719, 5593],\n",
       " [1048719, 183, 5593],\n",
       " [1048719, 184, 81740],\n",
       " [184, 1048719, 81740],\n",
       " [1048720, 184, 23138],\n",
       " [184, 1048720, 23138],\n",
       " [184, 185, 48215],\n",
       " [185, 184, 48215],\n",
       " [113, 1048721, 1272],\n",
       " [1048721, 113, 1272],\n",
       " [186, 1048722, 446],\n",
       " [1048722, 186, 446],\n",
       " [187, 1048723, 1744],\n",
       " [1048723, 187, 1744],\n",
       " [1048723, 188, 2886],\n",
       " [188, 1048723, 2886],\n",
       " [188, 1048637, 1614],\n",
       " [1048637, 188, 1614],\n",
       " [79, 1048723, 887],\n",
       " [1048723, 79, 887],\n",
       " [185, 1048724, 4463],\n",
       " [1048724, 185, 4463],\n",
       " [189, 1048725, 9290],\n",
       " [1048725, 189, 9290],\n",
       " [190, 1048725, 16597],\n",
       " [1048725, 190, 16597],\n",
       " [1048726, 191, 21145],\n",
       " [191, 1048726, 21145],\n",
       " [1048727, 192, 2768],\n",
       " [192, 1048727, 2768],\n",
       " [192, 1048728, 32056],\n",
       " [1048728, 192, 32056],\n",
       " [192, 193, 5973],\n",
       " [193, 192, 5973],\n",
       " [1048729, 7, 22610],\n",
       " [7, 1048729, 22610],\n",
       " [194, 7, 8411],\n",
       " [7, 194, 8411],\n",
       " [1048730, 194, 6879],\n",
       " [194, 1048730, 6879],\n",
       " [195, 1048731, 17414],\n",
       " [1048731, 195, 17414],\n",
       " [196, 1048731, 599],\n",
       " [1048731, 196, 599],\n",
       " [1048732, 196, 801],\n",
       " [196, 1048732, 801],\n",
       " [197, 1048732, 3423],\n",
       " [1048732, 197, 3423],\n",
       " [1048733, 197, 3473],\n",
       " [197, 1048733, 3473],\n",
       " [198, 1048733, 2676],\n",
       " [1048733, 198, 2676],\n",
       " [1048734, 198, 12677],\n",
       " [198, 1048734, 12677],\n",
       " [199, 1048734, 1101],\n",
       " [1048734, 199, 1101],\n",
       " [1048735, 200, 14494],\n",
       " [200, 1048735, 14494],\n",
       " [1048736, 201, 11154],\n",
       " [201, 1048736, 11154],\n",
       " [202, 1048736, 12520],\n",
       " [1048736, 202, 12520],\n",
       " [1048737, 203, 243],\n",
       " [203, 1048737, 243],\n",
       " [1048738, 1048737, 8987],\n",
       " [1048737, 1048738, 8987],\n",
       " [204, 1048738, 2590],\n",
       " [1048738, 204, 2590],\n",
       " [1048739, 204, 6675],\n",
       " [204, 1048739, 6675],\n",
       " [204, 205, 10895],\n",
       " [205, 204, 10895],\n",
       " [205, 1048740, 1024],\n",
       " [1048740, 205, 1024],\n",
       " [206, 1048740, 3445],\n",
       " [1048740, 206, 3445],\n",
       " [1048741, 206, 6532],\n",
       " [206, 1048741, 6532],\n",
       " [207, 1048741, 2708],\n",
       " [1048741, 207, 2708],\n",
       " [1048742, 207, 11676],\n",
       " [207, 1048742, 11676],\n",
       " [207, 208, 5595],\n",
       " [208, 207, 5595],\n",
       " [1048743, 209, 11279],\n",
       " [209, 1048743, 11279],\n",
       " [209, 195, 22999],\n",
       " [195, 209, 22999],\n",
       " [210, 1048744, 382],\n",
       " [1048744, 210, 382],\n",
       " [1048728, 1048745, 13853],\n",
       " [1048745, 1048728, 13853],\n",
       " [1048724, 211, 5647],\n",
       " [211, 1048724, 5647],\n",
       " [191, 211, 243],\n",
       " [211, 191, 243],\n",
       " [1048580, 1048727, 1616],\n",
       " [1048727, 1048580, 1616],\n",
       " [1048746, 212, 14672],\n",
       " [212, 1048746, 14672],\n",
       " [193, 212, 1651],\n",
       " [212, 193, 1651],\n",
       " [1048745, 1048726, 11928],\n",
       " [1048726, 1048745, 11928],\n",
       " [212, 213, 802],\n",
       " [213, 212, 802],\n",
       " [1048747, 214, 6336],\n",
       " [214, 1048747, 6336],\n",
       " [1048748, 1048747, 630],\n",
       " [1048747, 1048748, 630],\n",
       " [215, 1048747, 408],\n",
       " [1048747, 215, 408],\n",
       " [1048749, 216, 24454],\n",
       " [216, 1048749, 24454],\n",
       " [1048750, 217, 1842],\n",
       " [217, 1048750, 1842],\n",
       " [1048751, 1048750, 7799],\n",
       " [1048750, 1048751, 7799],\n",
       " [1048750, 218, 4671],\n",
       " [218, 1048750, 4671],\n",
       " [1048752, 1048751, 1728],\n",
       " [1048751, 1048752, 1728],\n",
       " [219, 1048752, 2970],\n",
       " [1048752, 219, 2970],\n",
       " [216, 219, 773],\n",
       " [219, 216, 773],\n",
       " [1048753, 1048752, 11292],\n",
       " [1048752, 1048753, 11292],\n",
       " [220, 1048754, 5381],\n",
       " [1048754, 220, 5381],\n",
       " [220, 221, 4693],\n",
       " [221, 220, 4693],\n",
       " [221, 219, 7574],\n",
       " [219, 221, 7574],\n",
       " [1048755, 1048753, 1167],\n",
       " [1048753, 1048755, 1167],\n",
       " [1048754, 1048755, 247],\n",
       " [1048755, 1048754, 247],\n",
       " [222, 1048756, 12417],\n",
       " [1048756, 222, 12417],\n",
       " [1048756, 1048755, 1001],\n",
       " [1048755, 1048756, 1001],\n",
       " [223, 224, 5334],\n",
       " [224, 223, 5334],\n",
       " [225, 220, 5558],\n",
       " [220, 225, 5558],\n",
       " [225, 221, 3671],\n",
       " [221, 225, 3671],\n",
       " [226, 222, 5516],\n",
       " [222, 226, 5516],\n",
       " [1048757, 226, 4149],\n",
       " [226, 1048757, 4149],\n",
       " [227, 1048757, 7108],\n",
       " [1048757, 227, 7108],\n",
       " [227, 1048758, 1784],\n",
       " [1048758, 227, 1784],\n",
       " [228, 1048757, 8965],\n",
       " [1048757, 228, 8965],\n",
       " [226, 1048759, 1184],\n",
       " [1048759, 226, 1184],\n",
       " [229, 227, 3800],\n",
       " [227, 229, 3800],\n",
       " [229, 1048760, 2319],\n",
       " [1048760, 229, 2319],\n",
       " [230, 228, 3184],\n",
       " [228, 230, 3184],\n",
       " [1048761, 230, 24566],\n",
       " [230, 1048761, 24566],\n",
       " [1048740, 1048761, 6539],\n",
       " [1048761, 1048740, 6539],\n",
       " [231, 1048749, 6979],\n",
       " [1048749, 231, 6979],\n",
       " [1048758, 1048762, 1713],\n",
       " [1048762, 1048758, 1713],\n",
       " [1048762, 232, 1490],\n",
       " [232, 1048762, 1490],\n",
       " [1048763, 233, 1804],\n",
       " [233, 1048763, 1804],\n",
       " [1048764, 233, 8907],\n",
       " [233, 1048764, 8907],\n",
       " [234, 1048764, 1260],\n",
       " [1048764, 234, 1260],\n",
       " [1048765, 223, 3297],\n",
       " [223, 1048765, 3297],\n",
       " [224, 1048756, 1235],\n",
       " [1048756, 224, 1235],\n",
       " [1048760, 1048764, 8945],\n",
       " [1048764, 1048760, 8945],\n",
       " [233, 235, 1445],\n",
       " [235, 233, 1445],\n",
       " [1048766, 1048762, 1455],\n",
       " [1048762, 1048766, 1455],\n",
       " [236, 231, 1507],\n",
       " [231, 236, 1507],\n",
       " [236, 1048767, 10810],\n",
       " [1048767, 236, 10810],\n",
       " [1048767, 234, 329],\n",
       " [234, 1048767, 329],\n",
       " [236, 237, 8931],\n",
       " [237, 236, 8931],\n",
       " [237, 1048767, 3439],\n",
       " [1048767, 237, 3439],\n",
       " [238, 239, 1528],\n",
       " [239, 238, 1528],\n",
       " [240, 238, 1103],\n",
       " [238, 240, 1103],\n",
       " [1048768, 241, 1636],\n",
       " [241, 1048768, 1636],\n",
       " [1048769, 242, 505],\n",
       " [242, 1048769, 505],\n",
       " [1048770, 1048769, 686],\n",
       " [1048769, 1048770, 686],\n",
       " [1048770, 243, 998],\n",
       " [243, 1048770, 998],\n",
       " [1048771, 1048770, 131],\n",
       " [1048770, 1048771, 131],\n",
       " [244, 1048771, 1007],\n",
       " [1048771, 244, 1007],\n",
       " [1048772, 244, 952],\n",
       " [244, 1048772, 952],\n",
       " [245, 1048773, 307],\n",
       " [1048773, 245, 307],\n",
       " [246, 1048774, 290],\n",
       " [1048774, 246, 290],\n",
       " [242, 247, 980],\n",
       " [247, 242, 980],\n",
       " [1048775, 228, 20679],\n",
       " [228, 1048775, 20679],\n",
       " [248, 1048776, 835],\n",
       " [1048776, 248, 835],\n",
       " [249, 1048777, 1216],\n",
       " [1048777, 249, 1216],\n",
       " [249, 250, 4476],\n",
       " [250, 249, 4476],\n",
       " [250, 1048778, 3864],\n",
       " [1048778, 250, 3864],\n",
       " [1048778, 1048775, 2460],\n",
       " [1048775, 1048778, 2460],\n",
       " [251, 1048778, 1351],\n",
       " [1048778, 251, 1351],\n",
       " [252, 1048730, 14213],\n",
       " [1048730, 252, 14213],\n",
       " [217, 252, 13776],\n",
       " [252, 217, 13776],\n",
       " [230, 1048779, 2278],\n",
       " [1048779, 230, 2278],\n",
       " [253, 251, 5045],\n",
       " [251, 253, 5045],\n",
       " [1048731, 253, 6278],\n",
       " [253, 1048731, 6278],\n",
       " [208, 195, 1440],\n",
       " [195, 208, 1440],\n",
       " [1048780, 250, 2598],\n",
       " [250, 1048780, 2598],\n",
       " [253, 1048780, 1762],\n",
       " [1048780, 253, 1762],\n",
       " [254, 1048781, 342],\n",
       " [1048781, 254, 342],\n",
       " [255, 254, 604],\n",
       " [254, 255, 604],\n",
       " [1048782, 255, 1197],\n",
       " [255, 1048782, 1197],\n",
       " [256, 1048782, 970],\n",
       " [1048782, 256, 970],\n",
       " [1048783, 256, 641],\n",
       " [256, 1048783, 641],\n",
       " [1048783, 257, 1255],\n",
       " [257, 1048783, 1255],\n",
       " [1048784, 1048783, 1033],\n",
       " [1048783, 1048784, 1033],\n",
       " [258, 1048784, 197],\n",
       " [1048784, 258, 197],\n",
       " [258, 1048785, 1254],\n",
       " [1048785, 258, 1254],\n",
       " [259, 169, 1840],\n",
       " [169, 259, 1840],\n",
       " [245, 1048786, 694],\n",
       " [1048786, 245, 694],\n",
       " [245, 260, 223],\n",
       " [260, 245, 223],\n",
       " [1048708, 1048787, 1405],\n",
       " [1048787, 1048708, 1405],\n",
       " [261, 1048788, 1091],\n",
       " [1048788, 261, 1091],\n",
       " [261, 1048711, 1708],\n",
       " [1048711, 261, 1708],\n",
       " [262, 1048789, 797],\n",
       " [1048789, 262, 797],\n",
       " [1048789, 238, 533],\n",
       " [238, 1048789, 533],\n",
       " [239, 263, 3206],\n",
       " [263, 239, 3206],\n",
       " [264, 1048782, 970],\n",
       " [1048782, 264, 970],\n",
       " [265, 264, 942],\n",
       " [264, 265, 942],\n",
       " [265, 256, 970],\n",
       " [256, 265, 970],\n",
       " [266, 1048790, 692],\n",
       " [1048790, 266, 692],\n",
       " [267, 266, 1108],\n",
       " [266, 267, 1108],\n",
       " [1048788, 258, 366],\n",
       " [258, 1048788, 366],\n",
       " [1048790, 258, 840],\n",
       " [258, 1048790, 840],\n",
       " [1048791, 268, 594],\n",
       " [268, 1048791, 594],\n",
       " [268, 1048792, 253],\n",
       " [1048792, 268, 253],\n",
       " [269, 259, 960],\n",
       " [259, 269, 960],\n",
       " [259, 261, 965],\n",
       " [261, 259, 965],\n",
       " [1048793, 249, 198],\n",
       " [249, 1048793, 198],\n",
       " [271, 1048794, 541],\n",
       " [1048794, 271, 541],\n",
       " [1048780, 271, 196],\n",
       " [271, 1048780, 196],\n",
       " [272, 1048795, 300],\n",
       " [1048795, 272, 300],\n",
       " [272, 273, 318],\n",
       " [273, 272, 318],\n",
       " [1048796, 274, 10493],\n",
       " [274, 1048796, 10493],\n",
       " [1048797, 274, 48700],\n",
       " [274, 1048797, 48700],\n",
       " [1048797, 275, 8638],\n",
       " [275, 1048797, 8638],\n",
       " [275, 189, 1744],\n",
       " [189, 275, 1744],\n",
       " [1048798, 276, 1575],\n",
       " [276, 1048798, 1575],\n",
       " [276, 1048796, 1615],\n",
       " [1048796, 276, 1615],\n",
       " [1048799, 1048740, 4496],\n",
       " [1048740, 1048799, 4496],\n",
       " [245, 277, 1647],\n",
       " [277, 245, 1647],\n",
       " [278, 279, 420],\n",
       " [279, 278, 420],\n",
       " [280, 1048800, 453],\n",
       " [1048800, 280, 453],\n",
       " [270, 281, 2941],\n",
       " [281, 270, 2941],\n",
       " [1048741, 1048799, 5283],\n",
       " [1048799, 1048741, 5283],\n",
       " [1048801, 282, 2952],\n",
       " [282, 1048801, 2952],\n",
       " [197, 1048801, 4763],\n",
       " [1048801, 197, 4763],\n",
       " [1048802, 283, 1514],\n",
       " [283, 1048802, 1514],\n",
       " [1048803, 1048802, 1372],\n",
       " [1048802, 1048803, 1372],\n",
       " [284, 1048803, 5300],\n",
       " [1048803, 284, 5300],\n",
       " [1048804, 284, 5084],\n",
       " [284, 1048804, 5084],\n",
       " [285, 1048805, 921],\n",
       " [1048805, 285, 921],\n",
       " [286, 1048806, 10643],\n",
       " [1048806, 286, 10643],\n",
       " [1048806, 287, 12651],\n",
       " [287, 1048806, 12651],\n",
       " [1048807, 283, 400],\n",
       " [283, 1048807, 400],\n",
       " [1048803, 288, 771],\n",
       " [288, 1048803, 771],\n",
       " [1048802, 1048808, 1059],\n",
       " [1048808, 1048802, 1059],\n",
       " [1048805, 289, 8568],\n",
       " [289, 1048805, 8568],\n",
       " [1048809, 290, 1512],\n",
       " [290, 1048809, 1512],\n",
       " [287, 1048734, 538],\n",
       " [1048734, 287, 538],\n",
       " [274, 1048806, 10826],\n",
       " [1048806, 274, 10826],\n",
       " [274, 199, 18901],\n",
       " [199, 274, 18901],\n",
       " [1048796, 1048735, 988],\n",
       " [1048735, 1048796, 988],\n",
       " [1048810, 291, 10641],\n",
       " [291, 1048810, 10641],\n",
       " [291, 292, 5134],\n",
       " [292, 291, 5134],\n",
       " [293, 1048798, 5548],\n",
       " [1048798, 293, 5548],\n",
       " [201, 293, 3761],\n",
       " [293, 201, 3761],\n",
       " [294, 291, 1701],\n",
       " [291, 294, 1701],\n",
       " [1048811, 1048810, 16039],\n",
       " [1048810, 1048811, 16039],\n",
       " [295, 1048811, 3377],\n",
       " [1048811, 295, 3377],\n",
       " [282, 1048809, 551],\n",
       " [1048809, 282, 551],\n",
       " [292, 286, 2337],\n",
       " [286, 292, 2337],\n",
       " [1048812, 294, 30103],\n",
       " [294, 1048812, 30103],\n",
       " [1048812, 296, 15366],\n",
       " [296, 1048812, 15366],\n",
       " [1048813, 297, 13437],\n",
       " [297, 1048813, 13437],\n",
       " [1048813, 1048812, 7868],\n",
       " [1048812, 1048813, 7868],\n",
       " [218, 1048748, 1610],\n",
       " [1048748, 218, 1610],\n",
       " [214, 1048746, 23717],\n",
       " [1048746, 214, 23717],\n",
       " [1048814, 215, 7096],\n",
       " [215, 1048814, 7096],\n",
       " [298, 1048815, 6674],\n",
       " [1048815, 298, 6674],\n",
       " [299, 298, 14546],\n",
       " [298, 299, 14546],\n",
       " ...]"
      ]
     },
     "execution_count": 11,
     "metadata": {},
     "output_type": "execute_result"
    }
   ],
   "source": [
    "lis_df"
   ]
  },
  {
   "cell_type": "code",
   "execution_count": 12,
   "metadata": {},
   "outputs": [
    {
     "data": {
      "text/plain": [
       "defaultdict(list,\n",
       "            {1: [1048577, 1803],\n",
       "             1048577: [1, 1766, 1767],\n",
       "             2: [1048578, 1050174, 2462],\n",
       "             1048578: [2, 1990, 1991],\n",
       "             3: [1048579, 1049931],\n",
       "             1048579: [3, 4, 1766],\n",
       "             4: [1048579, 1049993, 1820],\n",
       "             5: [6, 2244, 1048581],\n",
       "             6: [5, 1050368],\n",
       "             7: [1048580, 1048729, 194],\n",
       "             1048580: [7, 1048727],\n",
       "             8: [1048581, 1050376],\n",
       "             1048581: [8, 5],\n",
       "             9: [1048583],\n",
       "             1048583: [9, 10],\n",
       "             10: [1048583, 1048584, 2257],\n",
       "             1048584: [10, 11],\n",
       "             11: [1048584],\n",
       "             12: [1048585, 13],\n",
       "             1048585: [12, 1049414, 1043, 1153],\n",
       "             13: [1048586, 12, 756],\n",
       "             1048586: [13, 2544, 1050619],\n",
       "             1048587: [14, 1048588, 1048717],\n",
       "             14: [1048587, 1048589, 18],\n",
       "             1048588: [1048587, 15, 1048602],\n",
       "             15: [1048588],\n",
       "             1048589: [14],\n",
       "             16: [1048590, 17, 1048668, 124],\n",
       "             1048590: [16, 1048641],\n",
       "             17: [16, 1048592],\n",
       "             1048591: [18, 155],\n",
       "             18: [1048591, 19, 14],\n",
       "             19: [18, 20, 2346],\n",
       "             20: [19, 21, 1048597],\n",
       "             21: [20, 1048596],\n",
       "             1048592: [22, 17],\n",
       "             22: [1048592, 1048593, 1050427],\n",
       "             1048593: [22, 2319],\n",
       "             23: [1048594, 24, 61],\n",
       "             1048594: [23, 2384, 2659],\n",
       "             24: [23, 1048595],\n",
       "             1048595: [24, 25, 1048596],\n",
       "             25: [1048595],\n",
       "             1048596: [1048595, 21, 2461],\n",
       "             26: [1048597, 27, 1050451],\n",
       "             1048597: [26, 20],\n",
       "             27: [26],\n",
       "             1048598: [28, 33, 1048603, 52],\n",
       "             28: [1048598, 1050699, 2650],\n",
       "             1048599: [29, 2445],\n",
       "             29: [1048599],\n",
       "             1048600: [30, 62],\n",
       "             30: [1048600, 2744, 2744],\n",
       "             1048601: [31, 1050322, 1050700],\n",
       "             31: [1048601, 1050698, 2649],\n",
       "             1048602: [1048588, 32, 328, 1069],\n",
       "             32: [1048602],\n",
       "             33: [1048598, 1048624],\n",
       "             1048603: [1048598, 34],\n",
       "             34: [1048603, 2159],\n",
       "             1048604: [35, 1048606, 1050321],\n",
       "             35: [1048604, 180, 2665],\n",
       "             1048605: [36, 1048611],\n",
       "             36: [1048605, 2664, 1050712],\n",
       "             1048606: [1048604, 2662],\n",
       "             37: [1048607, 38, 60],\n",
       "             1048607: [37, 1048608],\n",
       "             38: [37, 1048624],\n",
       "             1048608: [39, 1048607],\n",
       "             39: [1048608, 1048624],\n",
       "             1048609: [40, 1050708, 2663],\n",
       "             40: [1048609, 2661, 1050710],\n",
